Testing  test_2.txt
Done.
	 Test free_time_intervals Passed!
	 Test max_logged_in skipped because a corner case happens
Testing  test_20.txt
Done.
	 Test free_time_intervals Passed!
	 Test max_logged_in skipped because a corner case happens
Testing  test_21.txt
Done.
	 Test free_time_intervals Passed!
	 Test max_logged_in skipped because a corner case happens
Testing  test_22.txt
Done.
	 Test free_time_intervals Passed!
	 Test max_logged_in skipped because a corner case happens
Testing  test_23.txt
Done.
	 Test Failed
		 Input:  [(382, 384), (383, 384), (120, 135), (256, 258), (397, 398), (359, 377), (308, 318), (179, 180), (97, 99), (349, 350), (174, 186), (249, 254), (407, 409), (382, 383), (425, 429), (241, 244), (344, 353), (354, 374), (328, 329), (345, 350), (403, 412), (93, 108), (320, 321), (174, 185), (95, 111), (231, 233), (405, 409), (216, 223), (368, 376), (54, 59), (344, 347), (396, 399), (310, 318), (497, 500), (100, 108), (310, 312), (58, 64), (55, 56), (413, 425), (255, 259), (340, 341), (167, 169), (167, 174), (347, 351), (102, 110), (389, 396), (127, 133), (419, 422), (384, 385), (256, 259)]
		 T:  500
		 Expected Output: [(0, 54), (64, 93), (111, 120), (135, 167), (186, 216), (223, 231), (233, 241), (244, 249), (254, 255), (259, 308), (318, 320), (321, 328), (329, 340), (341, 344), (353, 354), (377, 382), (385, 389), (399, 403), (412, 413), (429, 497)]
		 Your Output: [(0, 54), (64, 93), (111, 120), (135, 167), (186, 216), (223, 231), (233, 241), (244, 249), (254, 255), (259, 308), (318, 320), (321, 328), (329, 340), (341, 344), (353, 354), (377, 382), (385, 389), (399, 403), (412, 413), (429, 497), (499, 500)]
	 Test max_logged_in skipped because a corner case happens
Testing  test_24.txt
Done.
	 Test free_time_intervals Passed!
	 Test max_logged_in skipped because a corner case happens
Testing  test_25.txt
Done.
	 Test free_time_intervals Passed!
	 Test max_logged_in skipped because a corner case happens
Testing  test_26.txt
Done.
	 Test free_time_intervals Passed!
	 Test max_logged_in skipped because a corner case happens
Testing  test_27.txt
Done.
	 Test free_time_intervals Passed!
	 Test max_logged_in skipped because a corner case happens
Testing  test_28.txt
Done.
	 Test Failed
		 Input:  [(4006, 4014), (960, 961), (2650, 2666), (1643, 1646), (3924, 3927), (4076, 4079), (668, 677), (301, 313), (2815, 2816), (3072, 3076), (1737, 1744), (2794, 2795), (4394, 4410), (1686, 1696), (1850, 1853), (2643, 2648), (605, 608), (2963, 2968), (3159, 3171), (1277, 1283), (3196, 3199), (3924, 3927), (3287, 3298), (266, 268), (2698, 2706), (4098, 4100), (1035, 1036), (4622, 4632), (1734, 1739), (3354, 3369), (2410, 2425), (2294, 2297), (2089, 2090), (4629, 4639), (3439, 3441), (2401, 2406), (3099, 3105), (3100, 3101), (2616, 2626), (3078, 3087), (3058, 3067), (2143, 2151), (2273, 2285), (1092, 1107), (4243, 4249), (5, 25), (830, 842), (4395, 4399), (2001, 2006), (1336, 1346), (4381, 4384), (1208, 1211), (160, 164), (3965, 3984), (4973, 4989), (444, 449), (3483, 3494), (3403, 3409), (1350, 1351), (1556, 1564), (3513, 3516), (1472, 1485), (3032, 3043), (200, 220), (1420, 1422), (3391, 3401), (3657, 3660), (3355, 3364), (4883, 4884), (2820, 2830), (3684, 3707), (862, 882), (1419, 1420), (2596, 2608), (4190, 4192), (4897, 4900), (578, 597), (2777, 2778), (4097, 4099), (3061, 3069), (3070, 3073), (4997, 5004), (2652, 2665), (3882, 3890), (3320, 3327), (3196, 3199), (2964, 2977), (4020, 4023), (3640, 3643), (4148, 4158), (1532, 1540), (3718, 3729), (3302, 3303), (4841, 4844), (587, 594), (2641, 2661), (3792, 3797), (4297, 4309), (3285, 3291), (2426, 2435), (3893, 3894), (4180, 4182), (4719, 4726), (1286, 1294), (3822, 3832), (2243, 2247), (1996, 1998), (4598, 4611), (3829, 3832), (3416, 3423), (3552, 3567), (4252, 4266), (3599, 3604), (585, 594), (2331, 2336), (4063, 4074), (627, 629), (4163, 4176), (644, 653), (3572, 3580), (2325, 2326), (1288, 1310), (2772, 2777), (3688, 3692), (4541, 4543), (1210, 1219), (399, 400), (437, 453), (2793, 2795), (2835, 2839), (3572, 3580), (1910, 1916), (849, 852), (2144, 2147), (358, 362), (4692, 4694), (4658, 4659), (114, 118), (3505, 3516), (3152, 3163), (3295, 3301), (3925, 3927), (1178, 1186), (4439, 4469), (1709, 1719), (2841, 2842), (2085, 2103), (3375, 3381), (3496, 3511), (2567, 2572), (4602, 4608), (594, 596), (2590, 2593), (3040, 3044), (2235, 2241), (340, 350), (1346, 1359), (2356, 2372), (1764, 1767), (4808, 4812), (3793, 3799), (3865, 3866), (326, 339), (960, 961), (2147, 2148), (509, 517), (922, 926), (3721, 3724), (2277, 2283), (2834, 2839), (3070, 3072), (3657, 3659), (4005, 4010), (552, 557), (4041, 4042), (2114, 2118), (3404, 3406), (2893, 2898), (1421, 1422), (4724, 4728), (5000, 5004), (3009, 3012), (4658, 4659), (4315, 4317), (2425, 2426), (1882, 1889), (1882, 1885), (2284, 2290), (2833, 2843), (254, 257), (4187, 4193), (3069, 3078), (27, 30), (2084, 2098), (2629, 2635), (296, 297), (521, 540), (2643, 2645), (580, 596), (3228, 3237), (3104, 3105), (3406, 3409), (3571, 3574), (4709, 4717), (1336, 1346), (3563, 3567), (441, 442), (1337, 1342), (3235, 3238), (4922, 4931), (4623, 4636), (3311, 3327), (3071, 3077), (965, 967), (1559, 1571), (3571, 3579), (351, 354), (960, 974), (2989, 2994), (3391, 3394), (2932, 2935), (1291, 1292), (1338, 1342), (1208, 1215), (4788, 4802), (4694, 4696), (4997, 5011), (3658, 3659), (4741, 4744), (4052, 4067), (1988, 2001), (511, 516), (116, 118), (4857, 4877), (2165, 2173), (3892, 3899), (1945, 1965), (4398, 4402), (4705, 4717), (4872, 4875), (775, 778), (4544, 4546), (1767, 1770), (540, 549), (1095, 1107), (3394, 3397), (4674, 4675), (3926, 3928), (853, 855), (4158, 4172), (3336, 3338), (4859, 4863), (3510, 3513), (2807, 2811), (3983, 3984), (920, 936), (964, 965), (276, 277), (3405, 3406), (91, 97), (3662, 3668), (1466, 1483), (1449, 1455), (2736, 2741), (3707, 3713), (2272, 2292), (580, 597), (3430, 3435), (1438, 1449), (4271, 4292), (4078, 4084), (2792, 2796), (3827, 3836), (210, 216), (3099, 3100), (3331, 3335), (1497, 1503), (3447, 3448), (3308, 3309), (4373, 4388), (4334, 4339), (626, 637), (2765, 2766), (4843, 4844), (3227, 3244), (1212, 1213), (1267, 1277), (3416, 3419), (1640, 1649), (831, 835), (1752, 1755), (3099, 3103), (1748, 1761), (4848, 4852), (1449, 1455), (2840, 2842), (4621, 4638), (201, 206), (1421, 1422), (852, 862), (626, 627), (1276, 1283), (777, 782), (2702, 2706), (3442, 3444), (1913, 1915), (3481, 3487), (3458, 3462), (5007, 5008), (3360, 3366), (1993, 1999), (3073, 3074), (3461, 3477), (4313, 4316), (3232, 3243), (2593, 2594), (4278, 4279), (4098, 4100), (2476, 2483), (2633, 2636), (1631, 1650), (611, 617), (3223, 3225), (628, 631), (4316, 4317), (1367, 1377), (2630, 2632), (1994, 2001), (3661, 3674), (1076, 1082), (1024, 1032), (962, 972), (3712, 3718), (4269, 4292), (4312, 4318), (2012, 2013), (4249, 4255), (3569, 3579), (853, 854), (2590, 2591), (4051, 4063), (2162, 2170), (852, 862), (3302, 3306), (730, 734), (3100, 3105), (2822, 2832), (2793, 2797), (1185, 1194), (1512, 1517), (1449, 1455), (2736, 2745), (3446, 3448), (4841, 4847), (2281, 2282), (4961, 4970), (1016, 1017), (3708, 3709), (3395, 3401), (3072, 3077), (582, 589), (3201, 3202), (4766, 4772), (2386, 2389), (4959, 4972), (171, 179), (602, 618), (4701, 4713), (4842, 4844), (2234, 2250), (2292, 2297), (3450, 3474), (931, 932), (4368, 4384), (1529, 1533), (4390, 4404), (4232, 4235), (4180, 4183), (4897, 4901), (2147, 2153), (2274, 2278), (4802, 4803), (4896, 4898), (4294, 4310), (303, 304), (3615, 3618), (3375, 3381), (2691, 2695), (2167, 2171), (2234, 2250), (2794, 2798), (755, 759), (3365, 3374), (750, 751), (3083, 3096), (4440, 4455), (4736, 4737), (26, 27), (2164, 2171), (2807, 2817), (3689, 3694), (2006, 2017), (3065, 3068), (1438, 1444), (71, 90), (486, 500), (4658, 4660), (3099, 3103), (168, 174), (1316, 1334), (4863, 4874), (2504, 2507), (2825, 2826), (4244, 4250), (4230, 4235), (4546, 4547), (2353, 2357), (675, 684), (4377, 4388), (4470, 4485), (4061, 4065), (1913, 1914), (3713, 3714), (1239, 1246), (874, 882), (3223, 3225), (1754, 1757), (425, 428), (4639, 4649), (4306, 4307), (4265, 4267), (3310, 3329), (4867, 4872), (3069, 3075), (26, 27), (4166, 4176), (946, 952), (1492, 1495), (924, 935), (4842, 4843), (2335, 2341), (2802, 2803), (1197, 1199), (2329, 2334), (1323, 1329), (164, 173), (4310, 4321), (754, 756), (2817, 2833), (459, 474), (4190, 4198), (3997, 4002), (1914, 1917), (4182, 4183), (1696, 1697), (203, 209), (2235, 2241), (3223, 3225), (2076, 2103), (3800, 3805), (1420, 1421), (2470, 2479), (180, 200), (1643, 1644), (1992, 1993), (4103, 4109), (1803, 1817), (2588, 2593), (4620, 4637), (3613, 3617), (1348, 1350), (1562, 1567), (4480, 4483), (1196, 1198), (3360, 3371), (3070, 3075), (2240, 2243), (2548, 2552), (4005, 4019), (3657, 3661), (4861, 4871), (2293, 2295), (3665, 3672), (3454, 3462), (1201, 1205), (3866, 3876), (117, 118), (3070, 3076), (4084, 4089), (920, 930), (762, 763), (4843, 4847), (580, 582), (2171, 2172), (2798, 2805), (794, 799), (921, 923), (446, 452), (443, 450), (847, 851)]
		 T:  5000
		 [(0, 5), (25, 26), (30, 71), (90, 91), (97, 114), (118, 160), (179, 180), (220, 254), (257, 266), (268, 276), (277, 296), (297, 301), (313, 326), (339, 340), (350, 351), (354, 358), (362, 399), (400, 425), (428, 437), (453, 459), (474, 486), (500, 509), (517, 521), (549, 552), (557, 578), (597, 602), (618, 626), (637, 644), (653, 668), (684, 730), (734, 750), (751, 754), (759, 762), (763, 775), (782, 794), (799, 830), (842, 847), (882, 920), (936, 946), (952, 960), (974, 1016), (1017, 1024), (1032, 1035), (1036, 1076), (1082, 1092), (1107, 1178), (1194, 1196), (1199, 1201), (1205, 1208), (1219, 1239), (1246, 1267), (1283, 1286), (1310, 1316), (1334, 1336), (1359, 1367), (1377, 1419), (1422, 1438), (1455, 1466), (1485, 1492), (1495, 1497), (1503, 1512), (1517, 1529), (1540, 1556), (1571, 1631), (1650, 1686), (1697, 1709), (1719, 1734), (1744, 1748), (1761, 1764), (1770, 1803), (1817, 1850), (1853, 1882), (1889, 1910), (1917, 1945), (1965, 1988), (2017, 2076), (2103, 2114), (2118, 2143), (2153, 2162), (2173, 2234), (2250, 2272), (2297, 2325), (2326, 2329), (2341, 2353), (2372, 2386), (2389, 2401), (2406, 2410), (2435, 2470), (2483, 2504), (2507, 2548), (2552, 2567), (2572, 2588), (2594, 2596), (2608, 2616), (2626, 2629), (2636, 2641), (2666, 2691), (2695, 2698), (2706, 2736), (2745, 2765), (2766, 2772), (2778, 2792), (2805, 2807), (2843, 2893), (2898, 2932), (2935, 2963), (2977, 2989), (2994, 3009), (3012, 3032), (3044, 3058), (3096, 3099), (3105, 3152), (3171, 3196), (3199, 3201), (3202, 3223), (3225, 3227), (3244, 3285), (3301, 3302), (3306, 3308), (3309, 3310), (3329, 3331), (3335, 3336), (3338, 3354), (3374, 3375), (3381, 3391), (3401, 3403), (3409, 3416), (3423, 3430), (3435, 3439), (3441, 3442), (3444, 3446), (3448, 3450), (3477, 3481), (3494, 3496), (3516, 3552), (3567, 3569), (3580, 3599), (3604, 3613), (3618, 3640), (3643, 3657), (3674, 3684), (3729, 3792), (3799, 3800), (3805, 3822), (3836, 3865), (3876, 3882), (3890, 3892), (3899, 3924), (3928, 3965), (3984, 3997), (4002, 4005), (4019, 4020), (4023, 4041), (4042, 4051), (4074, 4076), (4089, 4097), (4100, 4103), (4109, 4148), (4176, 4180), (4183, 4187), (4198, 4230), (4235, 4243), (4267, 4269), (4292, 4294), (4321, 4334), (4339, 4368), (4388, 4390), (4410, 4439), (4469, 4470), (4485, 4541), (4543, 4544), (4547, 4598), (4611, 4620), (4649, 4658), (4660, 4674), (4675, 4692), (4696, 4701), (4717, 4719), (4728, 4736), (4737, 4741), (4744, 4766), (4772, 4788), (4803, 4808), (4812, 4841), (4847, 4848), (4852, 4857), (4877, 4883), (4884, 4896), (4901, 4922), (4931, 4959), (4972, 4973), (4989, 4997)]
		 

		 [(0, 5), (25, 26), (30, 71), (90, 91), (97, 114), (118, 160), (179, 180), (220, 254), (257, 266), (268, 276), (277, 296), (297, 301), (313, 326), (339, 340), (350, 351), (354, 358), (362, 399), (400, 425), (428, 437), (453, 459), (474, 486), (500, 509), (517, 521), (549, 552), (557, 578), (597, 602), (618, 626), (637, 644), (653, 668), (684, 730), (734, 750), (751, 754), (759, 762), (763, 775), (782, 794), (799, 830), (842, 847), (882, 920), (936, 946), (952, 960), (974, 1016), (1017, 1024), (1032, 1035), (1036, 1076), (1082, 1092), (1107, 1178), (1194, 1196), (1199, 1201), (1205, 1208), (1219, 1239), (1246, 1267), (1283, 1286), (1310, 1316), (1334, 1336), (1359, 1367), (1377, 1419), (1422, 1438), (1455, 1466), (1485, 1492), (1495, 1497), (1503, 1512), (1517, 1529), (1540, 1556), (1571, 1631), (1650, 1686), (1697, 1709), (1719, 1734), (1744, 1748), (1761, 1764), (1770, 1803), (1817, 1850), (1853, 1882), (1889, 1910), (1917, 1945), (1965, 1988), (2017, 2076), (2103, 2114), (2118, 2143), (2153, 2162), (2173, 2234), (2250, 2272), (2297, 2325), (2326, 2329), (2341, 2353), (2372, 2386), (2389, 2401), (2406, 2410), (2425, 2426), (2435, 2470), (2483, 2504), (2507, 2548), (2552, 2567), (2572, 2588), (2594, 2596), (2608, 2616), (2626, 2629), (2636, 2641), (2666, 2691), (2695, 2698), (2706, 2736), (2745, 2765), (2766, 2772), (2778, 2792), (2805, 2807), (2843, 2893), (2898, 2932), (2935, 2963), (2977, 2989), (2994, 3009), (3012, 3032), (3044, 3058), (3096, 3099), (3105, 3152), (3171, 3196), (3199, 3201), (3202, 3223), (3225, 3227), (3244, 3285), (3301, 3302), (3306, 3308), (3309, 3310), (3329, 3331), (3335, 3336), (3338, 3354), (3374, 3375), (3381, 3391), (3401, 3403), (3409, 3416), (3423, 3430), (3435, 3439), (3441, 3442), (3444, 3446), (3448, 3450), (3477, 3481), (3494, 3496), (3516, 3552), (3567, 3569), (3580, 3599), (3604, 3613), (3618, 3640), (3643, 3657), (3674, 3684), (3729, 3792), (3799, 3800), (3805, 3822), (3836, 3865), (3876, 3882), (3890, 3892), (3899, 3924), (3928, 3965), (3984, 3997), (4002, 4005), (4019, 4020), (4023, 4041), (4042, 4051), (4074, 4076), (4089, 4097), (4100, 4103), (4109, 4148), (4176, 4180), (4183, 4187), (4198, 4230), (4235, 4243), (4267, 4269), (4292, 4294), (4321, 4334), (4339, 4368), (4388, 4390), (4410, 4439), (4469, 4470), (4485, 4541), (4543, 4544), (4547, 4598), (4611, 4620), (4649, 4658), (4660, 4674), (4675, 4692), (4696, 4701), (4717, 4719), (4728, 4736), (4737, 4741), (4744, 4766), (4772, 4788), (4803, 4808), (4812, 4841), (4847, 4848), (4852, 4857), (4877, 4883), (4884, 4896), (4901, 4922), (4931, 4959), (4972, 4973), (4989, 4997)]
	 Test max_logged_in skipped because a corner case happens
Testing  test_29.txt
Done.
	 Test free_time_intervals Passed!
	 Test max_logged_in skipped because a corner case happens
Some test cases failed :-(
